1 0.070504 5.826866 0.000000 0.000000 0.000000 5.000000 0.000000 0.000000 0.000000 0 0
2 0.078099 2.945257 0.000000 0.000000 2.850000 2.000000 2.850000 0.000000 0.000000 0 0
3 0.061438 4.960756 0.000000 0.000000 0.000000 2.000000 0.000000 0.000000 0.000000 0 0
4 0.053608 10.351305 0.000000 5.000000 0.000000 6.750000 -5.000000 0.000000 0.000000 0 0
5 0.060519 8.857435 0.000000 3.421053 0.000000 10.000000 -3.421053 0.000000 0.000000 0 0
6 0.074506 5.607862 0.000000 0.000000 0.000000 10.000000 0.000000 0.000000 0.000000 0 0
7 0.074960 6.313885 0.000000 0.000000 0.000000 10.000000 0.000000 0.000000 0.000000 0 0
8 0.087988 1.970028 0.000000 0.000000 5.000000 4.736842 5.000000 0.000000 0.000000 0 0
9 0.083421 7.703784 0.000000 0.000000 0.000000 4.736842 0.000000 0.000000 0.000000 0 0
10 0.085885 4.829908 0.000000 0.000000 2.600000 2.000000 2.600000 0.000000 0.000000 0 0
11 0.080707 6.428946 0.000000 0.000000 0.000000 2.000000 0.000000 0.000000 0.000000 0 0
12 0.078653 6.740793 0.000000 0.000000 0.000000 2.000000 0.000000 0.000000 0.000000 0 0
13 0.061205 11.209327 0.000000 5.000000 0.000000 6.750000 -5.000000 0.000000 0.000000 0 0
14 0.075460 6.045486 0.000000 0.000000 0.000000 6.750000 0.000000 0.000000 0.000000 0 0
15 0.065230 9.643963 0.000000 3.421053 0.000000 10.000000 -3.421053 0.000000 0.000000 0 0
16 0.069262 6.273951 0.000000 0.000000 0.000000 10.000000 0.000000 0.000000 0.000000 0 0
17 0.099766 6.643604 0.000000 0.000000 0.000000 10.000000 0.000000 0.000000 0.000000 0 0
18 0.103582 4.777582 0.000000 0.000000 2.600000 7.263158 2.600000 0.000000 0.000000 0 0
19 0.086659 7.822066 0.000000 0.000000 0.000000 7.263158 0.000000 0.000000 0.000000 0 0
20 0.105320 3.012579 0.000000 0.000000 5.000000 2.000000 5.000000 0.000000 0.000000 0 0
21 0.100608 7.711435 0.000000 0.000000 0.000000 2.000000 0.000000 0.000000 0.000000 0 0
22 0.094896 6.973002 0.000000 0.000000 0.000000 2.000000 0.000000 0.000000 0.000000 0 0
23 0.070357 6.769769 0.000000 0.000000 0.000000 2.000000 0.000000 0.000000 0.000000 0 0
24 0.070182 9.969812 0.000000 3.421053 0.000000 5.250000 -3.421053 0.000000 0.000000 0 0
25 0.069511 10.975916 0.000000 5.000000 0.000000 10.000000 -5.000000 0.000000 0.000000 0 0
26 0.072070 5.831744 0.000000 0.000000 0.000000 10.000000 0.000000 0.000000 0.000000 0 0
27 0.072292 5.564982 0.000000 0.000000 0.000000 10.000000 0.000000 0.000000 0.000000 0 0
28 0.078371 5.332829 0.000000 0.000000 0.000000 10.000000 0.000000 0.000000 0.000000 0 0
29 0.083871 5.589014 0.000000 0.000000 0.000000 10.000000 0.000000 0.000000 0.000000 0 0
30 0.075553 5.842289 0.000000 0.000000 0.000000 10.000000 0.000000 0.000000 0.000000 0 0
31 0.070244 6.668550 0.000000 0.000000 0.000000 10.000000 0.000000 0.000000 0.000000 0 0
32 0.089349 6.902940 0.000000 0.000000 0.000000 10.000000 0.000000 0.000000 0.000000 0 0
33 0.085881 7.163060 0.000000 0.000000 0.000000 10.000000 0.000000 0.000000 0.000000 0 0
34 0.076364 7.049434 0.000000 0.000000 0.000000 10.000000 0.000000 0.000000 0.000000 0 0
35 0.091891 1.346152 0.000000 0.000000 5.000000 4.736842 5.000000 0.000000 0.000000 0 0
36 0.074299 6.657677 0.000000 0.000000 0.000000 4.736842 0.000000 0.000000 0.000000 0 0
37 0.072950 6.845827 0.000000 0.540166 0.000000 5.250000 -0.540166 0.000000 0.000000 0 0
38 0.075932 6.098072 0.000000 0.000000 0.000000 5.250000 0.000000 0.000000 0.000000 0 0
39 0.073940 6.477610 0.000000 0.000000 0.000000 5.250000 0.000000 0.000000 0.000000 0 0
40 0.064502 11.204335 0.000000 5.000000 0.000000 10.000000 -5.000000 0.000000 0.000000 0 0
41 0.094155 6.803256 0.000000 0.000000 0.000000 10.000000 0.000000 0.000000 0.000000 0 0
42 0.094282 4.674277 0.000000 0.000000 2.600000 7.263158 2.600000 0.000000 0.000000 0 0
43 0.091254 7.814958 0.000000 0.000000 0.000000 7.263158 0.000000 0.000000 0.000000 0 0
44 0.108627 3.003295 0.000000 0.000000 5.000000 2.000000 5.000000 0.000000 0.000000 0 0
45 0.088557 7.637345 0.000000 0.000000 0.000000 2.000000 0.000000 0.000000 0.000000 0 0
46 0.091632 7.305983 0.000000 0.000000 0.000000 2.000000 0.000000 0.000000 0.000000 0 0
47 0.066303 6.793817 0.000000 0.000000 0.000000 2.000000 0.000000 0.000000 0.000000 0 0
48 0.062676 11.554746 0.000000 5.000000 0.000000 6.750000 -5.000000 0.000000 0.000000 0 0
49 0.070381 6.105191 0.000000 0.000000 0.000000 6.750000 0.000000 0.000000 0.000000 0 0
50 0.069739 5.881551 0.000000 0.000000 0.000000 6.750000 0.000000 0.000000 0.000000 0 0
51 0.083895 3.940020 0.000000 0.000000 1.425000 5.250000 1.425000 0.000000 0.000000 0 0
52 0.069935 5.428568 0.000000 0.000000 0.000000 5.250000 0.000000 0.000000 0.000000 0 0
53 0.063539 10.401435 0.000000 5.000000 0.000000 10.000000 -5.000000 0.000000 0.000000 0 0
54 0.084471 1.319475 0.000000 0.000000 4.512500 5.250000 4.512500 0.000000 0.000000 0 0
55 0.081577 6.572882 0.000000 0.000000 0.000000 5.250000 0.000000 0.000000 0.000000 0 0
56 0.082642 7.343515 0.000000 0.000000 0.000000 5.250000 0.000000 0.000000 0.000000 0 0
57 0.072626 7.246560 0.000000 0.000000 0.000000 5.250000 0.000000 0.000000 0.000000 0 0
58 0.080955 7.265184 0.000000 0.000000 0.000000 5.250000 0.000000 0.000000 0.000000 0 0
59 0.083220 6.792577 0.000000 0.000000 0.000000 5.250000 0.000000 0.000000 0.000000 0 0
60 0.074055 6.648143 0.000000 0.000000 0.000000 5.250000 0.000000 0.000000 0.000000 0 0
61 0.069840 6.132142 0.000000 0.000000 0.000000 5.250000 0.000000 0.000000 0.000000 0 0
62 0.075369 6.254814 0.000000 0.000000 0.000000 5.250000 0.000000 0.000000 0.000000 0 0
63 0.074964 6.393564 0.000000 0.000000 0.000000 5.250000 0.000000 0.000000 0.000000 0 0
64 0.062076 11.664773 0.000000 5.000000 0.000000 10.000000 -5.000000 0.000000 0.000000 0 0
65 0.087990 7.088843 0.000000 0.000000 0.000000 10.000000 0.000000 0.000000 0.000000 0 0
66 0.089613 7.362003 0.000000 0.000000 0.000000 10.000000 0.000000 0.000000 0.000000 0 0
67 0.091444 7.581958 0.000000 0.000000 0.000000 10.000000 0.000000 0.000000 0.000000 0 0
68 0.092913 5.283640 0.000000 0.000000 2.600000 7.263158 2.600000 0.000000 0.000000 0 0
69 0.095526 2.646459 0.000000 0.000000 5.000000 2.000000 5.000000 0.000000 0.000000 0 0
70 0.071660 7.701679 0.000000 0.000000 0.000000 2.000000 0.000000 0.000000 0.000000 0 0
71 0.068303 6.764828 0.000000 0.000000 0.000000 2.000000 0.000000 0.000000 0.000000 0 0
72 0.081638 6.611421 0.000000 0.000000 0.000000 2.000000 0.000000 0.000000 0.000000 0 0
73 0.063520 9.225183 0.000000 3.421053 0.000000 5.250000 -3.421053 0.000000 0.000000 0 0
74 0.079216 5.740242 0.000000 0.000000 0.000000 5.250000 0.000000 0.000000 0.000000 0 0
75 0.074638 5.271632 0.000000 0.000000 0.000000 5.250000 0.000000 0.000000 0.000000 0 0
76 0.071662 5.098415 0.000000 0.000000 0.000000 5.250000 0.000000 0.000000 0.000000 0 0
77 0.073321 5.261987 0.000000 0.000000 0.000000 5.250000 0.000000 0.000000 0.000000 0 0
78 0.059609 10.964021 0.000000 5.000000 0.000000 10.000000 -5.000000 0.000000 0.000000 0 0
79 0.071226 6.439094 0.000000 0.000000 0.000000 10.000000 0.000000 0.000000 0.000000 0 0
80 0.097029 1.976003 0.000000 0.000000 5.000000 4.736842 5.000000 0.000000 0.000000 0 0
81 0.085215 7.466698 0.000000 0.000000 0.000000 4.736842 0.000000 0.000000 0.000000 0 0
82 0.084768 7.145006 0.000000 0.000000 0.000000 4.736842 0.000000 0.000000 0.000000 0 0
83 0.078683 6.747877 0.000000 0.000000 0.000000 4.736842 0.000000 0.000000 0.000000 0 0
84 0.071647 6.610486 0.000000 0.000000 0.000000 4.736842 0.000000 0.000000 0.000000 0 0
85 0.073712 6.066623 0.000000 0.000000 0.000000 4.736842 0.000000 0.000000 0.000000 0 0
86 0.075235 6.246215 0.000000 0.000000 0.000000 4.736842 0.000000 0.000000 0.000000 0 0
87 0.068964 11.327739 0.000000 5.000000 0.000000 9.486842 -5.000000 0.000000 0.000000 0 0
88 0.070034 6.895082 0.000000 0.540166 0.000000 10.000000 -0.540166 0.000000 0.000000 0 0
89 0.111307 1.781353 0.000000 0.000000 5.000000 4.736842 5.000000 0.000000 0.000000 0 0
90 0.077709 12.000000 0.000000 4.933972 0.000000 9.424116 -4.933972 0.000000 0.000000 0 0
91 0.112922 2.525295 0.000000 0.000000 5.000000 4.160958 5.000000 0.000000 0.000000 0 0
92 0.098077 7.902508 0.000000 0.000000 0.000000 4.160958 0.000000 0.000000 0.000000 0 0
93 0.103275 5.752916 0.000000 0.000000 2.052910 2.000000 2.052910 0.000000 0.000000 0 0
94 0.082371 7.628725 0.000000 0.000000 0.000000 2.000000 0.000000 0.000000 0.000000 0 0
95 0.067260 6.648926 0.000000 0.000000 0.000000 2.000000 0.000000 0.000000 0.000000 0 0
96 0.069707 6.419100 0.000000 0.000000 0.000000 2.000000 0.000000 0.000000 0.000000 0 0
97 0.075206 5.647065 0.000000 0.000000 0.000000 2.000000 0.000000 0.000000 0.000000 0 0
98 0.058784 10.143444 0.000000 5.000000 0.000000 6.750000 -5.000000 0.000000 0.000000 0 0
99 0.075590 5.146961 0.000000 0.000000 0.000000 6.750000 0.000000 0.000000 0.000000 0 0
100 0.062373 8.287053 0.000000 3.421053 0.000000 10.000000 -3.421053 0.000000 0.000000 0 0
101 0.072409 5.427846 0.000000 0.000000 0.000000 10.000000 0.000000 0.000000 0.000000 0 0
102 0.077008 5.584033 0.000000 0.000000 0.000000 10.000000 0.000000 0.000000 0.000000 0 0
103 0.074456 6.307161 0.000000 0.000000 0.000000 10.000000 0.000000 0.000000 0.000000 0 0
104 0.092938 1.750179 0.000000 0.000000 5.000000 4.736842 5.000000 0.000000 0.000000 0 0
105 0.092338 4.525776 0.000000 0.000000 2.600000 2.000000 2.600000 0.000000 0.000000 0 0
106 0.079336 6.837666 0.000000 0.000000 0.000000 2.000000 0.000000 0.000000 0.000000 0 0
107 0.086460 6.618147 0.000000 0.000000 0.000000 2.000000 0.000000 0.000000 0.000000 0 0
108 0.064479 9.730735 0.000000 3.421053 0.000000 5.250000 -3.421053 0.000000 0.000000 0 0
109 0.061518 11.270522 0.000000 5.000000 0.000000 10.000000 -5.000000 0.000000 0.000000 0 0
110 0.079146 5.939049 0.000000 0.000000 0.000000 10.000000 0.000000 0.000000 0.000000 0 0
111 0.071890 5.708169 0.000000 0.000000 0.000000 10.000000 0.000000 0.000000 0.000000 0 0
112 0.102844 6.091981 0.000000 0.000000 0.000000 10.000000 0.000000 0.000000 0.000000 0 0
113 0.130000 6.778638 0.000000 0.000000 0.000000 10.000000 0.000000 0.000000 0.000000 0 0
114 0.130000 4.306527 0.000000 0.000000 2.600000 7.263158 2.600000 0.000000 0.000000 0 0
115 0.129562 7.668077 0.000000 0.000000 0.000000 7.263158 0.000000 0.000000 0.000000 0 0
116 0.130000 2.731831 0.000000 0.000000 5.000000 2.000000 5.000000 0.000000 0.000000 0 0
117 0.102724 7.739439 0.000000 0.000000 0.000000 2.000000 0.000000 0.000000 0.000000 0 0
118 0.097310 6.773213 0.000000 0.000000 0.000000 2.000000 0.000000 0.000000 0.000000 0 0
119 0.066472 6.545752 0.000000 0.000000 0.000000 2.000000 0.000000 0.000000 0.000000 0 0
120 0.066777 6.036270 0.000000 0.000000 0.000000 2.000000 0.000000 0.000000 0.000000 0 0
121 0.081243 5.987432 0.000000 0.000000 0.000000 2.000000 0.000000 0.000000 0.000000 0 0
122 0.059242 8.870024 0.000000 3.421053 0.000000 5.250000 -3.421053 0.000000 0.000000 0 0
123 0.071697 5.311443 0.000000 0.000000 0.000000 5.250000 0.000000 0.000000 0.000000 0 0
124 0.056598 9.868266 0.000000 5.000000 0.000000 10.000000 -5.000000 0.000000 0.000000 0 0
125 0.079897 5.123289 0.000000 0.000000 0.000000 10.000000 0.000000 0.000000 0.000000 0 0
126 0.078651 5.568159 0.000000 0.000000 0.000000 10.000000 0.000000 0.000000 0.000000 0 0
127 0.071898 6.348702 0.000000 0.000000 0.000000 10.000000 0.000000 0.000000 0.000000 0 0
128 0.083888 1.681968 0.000000 0.000000 5.000000 4.736842 5.000000 0.000000 0.000000 0 0
129 0.064935 9.736550 0.000000 2.659280 0.000000 7.263158 -2.659280 0.000000 0.000000 0 0
130 0.089004 1.511734 0.000000 0.000000 5.000000 2.000000 5.000000 0.000000 0.000000 0 0
131 0.067241 6.383366 0.000000 0.000000 0.000000 2.000000 0.000000 0.000000 0.000000 0 0
132 0.053691 10.967031 0.000000 5.000000 0.000000 6.750000 -5.000000 0.000000 0.000000 0 0
133 0.072516 5.668972 0.000000 0.000000 0.000000 6.750000 0.000000 0.000000 0.000000 0 0
134 0.064447 9.357208 0.000000 3.421053 0.000000 10.000000 -3.421053 0.000000 0.000000 0 0
135 0.075118 5.963011 0.000000 0.000000 0.000000 10.000000 0.000000 0.000000 0.000000 0 0
136 0.077201 6.114733 0.000000 0.000000 0.000000 10.000000 0.000000 0.000000 0.000000 0 0
137 0.102159 1.267189 0.000000 0.000000 5.000000 4.736842 5.000000 0.000000 0.000000 0 0
138 0.090005 7.128266 0.000000 0.000000 0.000000 4.736842 0.000000 0.000000 0.000000 0 0
139 0.098954 7.468252 0.000000 0.000000 0.000000 4.736842 0.000000 0.000000 0.000000 0 0
140 0.096218 7.560155 0.000000 0.000000 0.000000 4.736842 0.000000 0.000000 0.000000 0 0
141 0.101910 4.819159 0.000000 0.000000 2.600000 2.000000 2.600000 0.000000 0.000000 0 0
142 0.099635 6.919840 0.000000 0.000000 0.000000 2.000000 0.000000 0.000000 0.000000 0 0
143 0.078934 6.204666 0.000000 0.000000 0.000000 2.000000 0.000000 0.000000 0.000000 0 0
144 0.070854 6.066391 0.000000 0.000000 0.000000 2.000000 0.000000 0.000000 0.000000 0 0
145 0.070734 5.465145 0.000000 0.000000 0.000000 2.000000 0.000000 0.000000 0.000000 0 0
146 0.079797 5.216927 0.000000 0.000000 0.000000 2.000000 0.000000 0.000000 0.000000 0 0
147 0.055226 9.969756 0.000000 5.000000 0.000000 6.750000 -5.000000 0.000000 0.000000 0 0
148 0.067930 4.985579 0.000000 0.000000 0.000000 6.750000 0.000000 0.000000 0.000000 0 0
149 0.061920 8.352858 0.000000 3.421053 0.000000 10.000000 -3.421053 0.000000 0.000000 0 0
150 0.068887 5.792283 0.000000 0.000000 0.000000 10.000000 0.000000 0.000000 0.000000 0 0
151 0.076979 6.300567 0.000000 0.000000 0.000000 10.000000 0.000000 0.000000 0.000000 0 0
152 0.090922 1.759264 0.000000 0.000000 5.000000 4.736842 5.000000 0.000000 0.000000 0 0
153 0.076480 7.005443 0.000000 0.000000 0.000000 4.736842 0.000000 0.000000 0.000000 0 0
154 0.080747 6.738401 0.000000 0.000000 0.000000 4.736842 0.000000 0.000000 0.000000 0 0
155 0.085519 6.627865 0.000000 0.000000 0.000000 4.736842 0.000000 0.000000 0.000000 0 0
156 0.069599 6.649371 0.000000 0.540166 0.000000 5.250000 -0.540166 0.000000 0.000000 0 0
157 0.074257 5.836970 0.000000 0.000000 0.000000 5.250000 0.000000 0.000000 0.000000 0 0
158 0.075027 6.101286 0.000000 0.000000 0.000000 5.250000 0.000000 0.000000 0.000000 0 0
159 0.064592 10.925617 0.000000 5.000000 0.000000 10.000000 -5.000000 0.000000 0.000000 0 0
160 0.070502 6.059976 0.000000 0.000000 0.000000 10.000000 0.000000 0.000000 0.000000 0 0
161 0.078699 6.461797 0.000000 0.000000 0.000000 10.000000 0.000000 0.000000 0.000000 0 0
162 0.104415 1.870572 0.000000 0.000000 5.000000 4.736842 5.000000 0.000000 0.000000 0 0
163 0.090492 7.286325 0.000000 0.000000 0.000000 4.736842 0.000000 0.000000 0.000000 0 0
164 0.085983 8.022534 0.000000 0.000000 0.000000 4.736842 0.000000 0.000000 0.000000 0 0
165 0.093436 5.102669 0.000000 0.000000 2.600000 2.000000 2.600000 0.000000 0.000000 0 0
166 0.084219 7.043889 0.000000 0.000000 0.000000 2.000000 0.000000 0.000000 0.000000 0 0
167 0.071726 6.317249 0.000000 0.000000 0.000000 2.000000 0.000000 0.000000 0.000000 0 0
168 0.067490 9.175932 0.000000 3.157895 0.000000 5.000000 -3.157895 0.000000 0.000000 0 0
