1 5.826866 0.070504 5.826866 0.000000 0.000000 0.000000 5.000000 0.000000 0.000000 0.000000 0 0
2 5.795257 0.078099 2.945257 0.000000 0.000000 2.850000 2.000000 2.850000 0.000000 0.000000 0 1
3 4.960756 0.061438 4.960756 0.000000 0.000000 0.000000 2.000000 0.000000 0.000000 0.000000 0 0
4 5.351305 0.053608 10.351305 0.000000 5.000000 0.000000 6.750000 -5.000000 0.000000 0.000000 1 0
5 5.436382 0.060519 8.857435 0.000000 3.421053 0.000000 10.000000 -3.421053 0.000000 0.000000 1 0
6 5.607862 0.074506 5.607862 0.000000 0.000000 0.000000 10.000000 0.000000 0.000000 0.000000 0 0
7 6.313885 0.074960 6.313885 0.000000 0.000000 0.000000 10.000000 0.000000 0.000000 0.000000 0 0
8 6.970028 0.087988 1.970028 0.000000 0.000000 5.000000 4.736842 5.000000 0.000000 0.000000 0 1
9 7.703784 0.083421 7.703784 0.000000 0.000000 0.000000 4.736842 0.000000 0.000000 0.000000 0 0
10 7.429908 0.085885 4.904908 0.000000 0.000000 2.525000 2.078947 2.525000 0.000000 0.000000 0 1
11 6.428946 0.080707 6.428946 0.000000 0.000000 0.000000 2.078947 0.000000 0.000000 0.000000 0 0
12 6.740793 0.078653 6.740793 0.000000 0.000000 0.000000 2.078947 0.000000 0.000000 0.000000 0 0
13 6.209327 0.061205 11.209327 0.000000 5.000000 0.000000 6.828947 -5.000000 0.000000 0.000000 1 0
14 6.045486 0.075460 4.545486 0.000000 0.000000 1.500000 5.250000 1.500000 0.000000 0.000000 0 1
15 6.222910 0.065230 11.222910 0.000000 5.000000 0.000000 10.000000 -5.000000 0.000000 0.000000 1 0
16 6.273951 0.069262 6.273951 0.000000 0.000000 0.000000 10.000000 0.000000 0.000000 0.000000 0 0
17 6.643604 0.099766 6.643604 0.000000 0.000000 0.000000 10.000000 0.000000 0.000000 0.000000 0 0
18 7.377582 0.103582 2.506997 0.000000 0.000000 4.870585 4.873068 4.870585 0.000000 0.000000 0 1
19 7.822066 0.086659 12.000000 0.000000 4.177934 0.000000 8.842105 -4.177934 0.000000 0.000000 1 0
20 8.012579 0.105320 3.012579 0.000000 0.000000 5.000000 3.578947 5.000000 0.000000 0.000000 0 1
21 7.711435 0.100608 6.211435 0.000000 0.000000 1.500000 2.000000 1.500000 0.000000 0.000000 0 1
22 6.973002 0.094896 6.973002 0.000000 0.000000 0.000000 2.000000 0.000000 0.000000 0.000000 0 0
23 6.769769 0.070357 6.769769 0.000000 0.000000 0.000000 2.000000 0.000000 0.000000 0.000000 0 0
24 6.548759 0.070182 9.969812 0.000000 3.421053 0.000000 5.250000 -3.421053 0.000000 0.000000 1 0
25 5.975916 0.069511 10.975916 0.000000 5.000000 0.000000 10.000000 -5.000000 0.000000 0.000000 1 0
26 5.831744 0.072070 5.831744 0.000000 0.000000 0.000000 10.000000 0.000000 0.000000 0.000000 0 0
27 5.564982 0.072292 5.564982 0.000000 0.000000 0.000000 10.000000 0.000000 0.000000 0.000000 0 0
28 5.332829 0.078371 5.332829 0.000000 0.000000 0.000000 10.000000 0.000000 0.000000 0.000000 0 0
29 5.589014 0.083871 1.076514 0.000000 0.000000 4.512500 5.250000 4.512500 0.000000 0.000000 0 1
30 5.842289 0.075553 5.842289 0.000000 0.000000 0.000000 5.250000 0.000000 0.000000 0.000000 0 0
31 6.668550 0.070244 11.668550 0.000000 5.000000 0.000000 10.000000 -5.000000 0.000000 0.000000 1 0
32 6.902940 0.089349 1.902940 0.000000 0.000000 5.000000 4.736842 5.000000 0.000000 0.000000 0 1
33 7.163060 0.085881 5.095174 0.000000 0.000000 2.067886 2.560120 2.067886 0.000000 0.000000 0 1
34 7.049434 0.076364 12.000000 0.000000 4.950566 0.000000 7.263158 -4.950566 0.000000 0.000000 1 0
35 6.346152 0.091891 1.346152 0.000000 0.000000 5.000000 2.000000 5.000000 0.000000 0.000000 0 1
36 6.657677 0.074299 6.657677 0.000000 0.000000 0.000000 2.000000 0.000000 0.000000 0.000000 0 0
37 6.305661 0.072950 9.726714 0.000000 3.421053 0.000000 5.250000 -3.421053 0.000000 0.000000 1 0
38 6.098072 0.075932 6.098072 0.000000 0.000000 0.000000 5.250000 0.000000 0.000000 0.000000 0 0
39 6.477610 0.073940 6.477610 0.000000 0.000000 0.000000 5.250000 0.000000 0.000000 0.000000 0 0
40 6.204335 0.064502 11.204335 0.000000 5.000000 0.000000 10.000000 -5.000000 0.000000 0.000000 1 0
41 6.803256 0.094155 6.803256 0.000000 0.000000 0.000000 10.000000 0.000000 0.000000 0.000000 0 0
42 7.274277 0.094282 4.674277 0.000000 0.000000 2.600000 7.263158 2.600000 0.000000 0.000000 0 1
43 7.814958 0.091254 7.814958 0.000000 0.000000 0.000000 7.263158 0.000000 0.000000 0.000000 0 0
44 8.003295 0.108627 3.003295 0.000000 0.000000 5.000000 2.000000 5.000000 0.000000 0.000000 0 1
45 7.637345 0.088557 7.637345 0.000000 0.000000 0.000000 2.000000 0.000000 0.000000 0.000000 0 0
46 7.305983 0.091632 7.305983 0.000000 0.000000 0.000000 2.000000 0.000000 0.000000 0.000000 0 0
47 6.793817 0.066303 10.214870 0.000000 3.421053 0.000000 5.250000 -3.421053 0.000000 0.000000 1 0
48 6.554746 0.062676 11.554746 0.000000 5.000000 0.000000 10.000000 -5.000000 0.000000 0.000000 1 0
49 6.105191 0.070381 6.105191 0.000000 0.000000 0.000000 10.000000 0.000000 0.000000 0.000000 0 0
50 5.881551 0.069739 5.881551 0.000000 0.000000 0.000000 10.000000 0.000000 0.000000 0.000000 0 0
51 5.365020 0.083895 0.365020 0.000000 0.000000 5.000000 4.736842 5.000000 0.000000 0.000000 0 1
52 5.428568 0.069935 5.428568 0.000000 0.000000 0.000000 4.736842 0.000000 0.000000 0.000000 0 0
53 5.401435 0.063539 10.401435 0.000000 5.000000 0.000000 9.486842 -5.000000 0.000000 0.000000 1 0
54 5.831975 0.084471 0.831975 0.000000 0.000000 5.000000 4.223684 5.000000 0.000000 0.000000 0 1
55 6.572882 0.081577 6.572882 0.000000 0.000000 0.000000 4.223684 0.000000 0.000000 0.000000 0 0
56 7.343515 0.082642 5.843515 0.000000 0.000000 1.500000 2.644737 1.500000 0.000000 0.000000 0 1
57 7.246560 0.072626 12.000000 0.000000 4.753440 0.000000 7.160505 -4.753440 0.000000 0.000000 1 0
58 7.265184 0.080955 7.265184 0.000000 0.000000 0.000000 7.160505 0.000000 0.000000 0.000000 0 0
59 6.792577 0.083220 1.890097 0.000000 0.000000 4.902480 2.000000 4.902480 0.000000 0.000000 0 1
60 6.648143 0.074055 6.648143 0.000000 0.000000 0.000000 2.000000 0.000000 0.000000 0.000000 0 0
61 6.132142 0.069840 9.553195 0.000000 3.421053 0.000000 5.250000 -3.421053 0.000000 0.000000 1 0
62 6.254814 0.075369 6.254814 0.000000 0.000000 0.000000 5.250000 0.000000 0.000000 0.000000 0 0
63 6.393564 0.074964 6.393564 0.000000 0.000000 0.000000 5.250000 0.000000 0.000000 0.000000 0 0
64 6.664773 0.062076 11.664773 0.000000 5.000000 0.000000 10.000000 -5.000000 0.000000 0.000000 1 0
65 7.088843 0.087990 7.088843 0.000000 0.000000 0.000000 10.000000 0.000000 0.000000 0.000000 0 0
66 7.362003 0.089613 7.362003 0.000000 0.000000 0.000000 10.000000 0.000000 0.000000 0.000000 0 0
67 7.581958 0.091444 7.581958 0.000000 0.000000 0.000000 10.000000 0.000000 0.000000 0.000000 0 0
68 7.883640 0.092913 5.283640 0.000000 0.000000 2.600000 7.263158 2.600000 0.000000 0.000000 0 1
69 7.646459 0.095526 2.646459 0.000000 0.000000 5.000000 2.000000 5.000000 0.000000 0.000000 0 1
70 7.701679 0.071660 9.201679 0.000000 1.500000 0.000000 3.425000 -1.500000 0.000000 0.000000 1 0
71 6.764828 0.068303 11.764828 0.000000 5.000000 0.000000 8.175000 -5.000000 0.000000 0.000000 1 0
72 6.611421 0.081638 1.611421 0.000000 0.000000 5.000000 2.911842 5.000000 0.000000 0.000000 0 1
73 5.804130 0.063520 10.804130 0.000000 5.000000 0.000000 7.661842 -5.000000 0.000000 0.000000 1 0
74 5.740242 0.079216 0.740242 0.000000 0.000000 5.000000 2.398684 5.000000 0.000000 0.000000 0 1
75 5.271632 0.074638 5.271632 0.000000 0.000000 0.000000 2.398684 0.000000 0.000000 0.000000 0 0
76 5.098415 0.071662 5.098415 0.000000 0.000000 0.000000 2.398684 0.000000 0.000000 0.000000 0 0
77 5.261987 0.073321 5.261987 0.000000 0.000000 0.000000 2.398684 0.000000 0.000000 0.000000 0 0
78 5.964021 0.059609 10.964021 0.000000 5.000000 0.000000 7.148684 -5.000000 0.000000 0.000000 1 0
79 6.439094 0.071226 9.440479 0.000000 3.001385 0.000000 10.000000 -3.001385 0.000000 0.000000 1 0
80 6.976003 0.097029 1.976003 0.000000 0.000000 5.000000 4.736842 5.000000 0.000000 0.000000 0 1
81 7.466698 0.085215 4.866698 0.000000 0.000000 2.600000 2.000000 2.600000 0.000000 0.000000 0 1
82 7.145006 0.084768 7.145006 0.000000 0.000000 0.000000 2.000000 0.000000 0.000000 0.000000 0 0
83 6.747877 0.078683 6.747877 0.000000 0.000000 0.000000 2.000000 0.000000 0.000000 0.000000 0 0
84 6.610486 0.071647 6.610486 0.000000 0.000000 0.000000 2.000000 0.000000 0.000000 0.000000 0 0
85 6.066623 0.073712 6.066623 0.000000 0.000000 0.000000 2.000000 0.000000 0.000000 0.000000 0 0
86 6.246215 0.075235 6.246215 0.000000 0.000000 0.000000 2.000000 0.000000 0.000000 0.000000 0 0
87 6.327739 0.068964 11.327739 0.000000 5.000000 0.000000 6.750000 -5.000000 0.000000 0.000000 1 0
88 6.354916 0.070034 9.775969 0.000000 3.421053 0.000000 10.000000 -3.421053 0.000000 0.000000 1 0
89 6.781353 0.111307 1.781353 0.000000 0.000000 5.000000 4.736842 5.000000 0.000000 0.000000 0 1
90 7.066028 0.077709 12.000000 0.000000 4.933972 0.000000 9.424116 -4.933972 0.000000 0.000000 1 0
91 7.525295 0.112922 0.000000 5.000000 0.000000 2.525295 6.765910 2.525295 1.000000 1.000000 0 1
92 7.902508 0.098077 7.902508 0.000000 0.000000 0.000000 6.765910 0.000000 0.000000 0.000000 0 0
93 7.805826 0.103275 3.278211 0.000000 0.000000 4.527615 2.000000 4.527615 0.000000 0.000000 0 1
94 7.628725 0.082371 7.628725 0.000000 0.000000 0.000000 2.000000 0.000000 0.000000 0.000000 0 0
95 6.648926 0.067260 11.648926 0.000000 5.000000 0.000000 6.750000 -5.000000 0.000000 0.000000 1 0
96 6.419100 0.069707 6.419100 0.000000 0.000000 0.000000 6.750000 0.000000 0.000000 0.000000 0 0
97 5.647065 0.075206 4.147065 0.000000 0.000000 1.500000 5.171053 1.500000 0.000000 0.000000 0 1
98 5.143444 0.058784 10.143444 0.000000 5.000000 0.000000 9.921053 -5.000000 0.000000 0.000000 1 0
99 5.146961 0.075590 0.709461 0.000000 0.000000 4.437500 5.250000 4.437500 0.000000 0.000000 0 1
100 4.866000 0.062373 9.866000 0.000000 5.000000 0.000000 10.000000 -5.000000 0.000000 0.000000 1 0
101 5.427846 0.072409 5.427846 0.000000 0.000000 0.000000 10.000000 0.000000 0.000000 0.000000 0 0
102 5.584033 0.077008 5.584033 0.000000 0.000000 0.000000 10.000000 0.000000 0.000000 0.000000 0 0
103 6.307161 0.074456 6.307161 0.000000 0.000000 0.000000 10.000000 0.000000 0.000000 0.000000 0 0
104 6.750179 0.092938 1.750179 0.000000 0.000000 5.000000 4.736842 5.000000 0.000000 0.000000 0 1
105 7.125776 0.092338 4.525776 0.000000 0.000000 2.600000 2.000000 2.600000 0.000000 0.000000 0 1
106 6.837666 0.079336 6.837666 0.000000 0.000000 0.000000 2.000000 0.000000 0.000000 0.000000 0 0
107 6.618147 0.086460 6.618147 0.000000 0.000000 0.000000 2.000000 0.000000 0.000000 0.000000 0 0
108 6.309682 0.064479 9.730735 0.000000 3.421053 0.000000 5.250000 -3.421053 0.000000 0.000000 1 0
109 6.270522 0.061518 11.270522 0.000000 5.000000 0.000000 10.000000 -5.000000 0.000000 0.000000 1 0
110 5.939049 0.079146 5.939049 0.000000 0.000000 0.000000 10.000000 0.000000 0.000000 0.000000 0 0
111 5.708169 0.071890 5.708169 0.000000 0.000000 0.000000 10.000000 0.000000 0.000000 0.000000 0 0
112 6.091981 0.102844 6.091981 0.000000 0.000000 0.000000 10.000000 0.000000 0.000000 0.000000 0 0
113 6.778638 0.130000 0.000000 5.000000 0.000000 1.778638 8.127749 1.778638 1.000000 1.000000 0 1
114 6.906527 0.130000 0.316996 5.000000 0.000000 1.589531 6.454559 1.589531 1.000000 0.000000 0 1
115 7.668077 0.129562 1.168077 5.000000 0.000000 1.500000 4.875612 1.500000 1.000000 0.000000 0 1
116 7.731831 0.130000 0.000000 5.000000 0.000000 2.731831 2.000000 2.731831 1.000000 0.000000 0 1
117 7.739439 0.102724 7.739439 0.000000 0.000000 0.000000 2.000000 0.000000 0.000000 0.000000 0 0
118 6.773213 0.097310 6.773213 0.000000 0.000000 0.000000 2.000000 0.000000 0.000000 0.000000 0 0
119 6.545752 0.066472 10.669021 0.000000 4.123269 0.000000 5.917105 -4.123269 0.000000 0.000000 1 0
120 6.036270 0.066777 7.536270 0.000000 1.500000 0.000000 7.342105 -1.500000 0.000000 0.000000 1 0
121 5.987432 0.081243 0.987432 0.000000 0.000000 5.000000 2.078947 5.000000 0.000000 0.000000 0 1
122 5.448971 0.059242 10.448971 0.000000 5.000000 0.000000 6.828947 -5.000000 0.000000 0.000000 1 0
123 5.311443 0.071697 3.811443 0.000000 0.000000 1.500000 5.250000 1.500000 0.000000 0.000000 0 1
124 4.868266 0.056598 9.868266 0.000000 5.000000 0.000000 10.000000 -5.000000 0.000000 0.000000 1 0
125 5.123289 0.079897 0.123289 0.000000 0.000000 5.000000 4.736842 5.000000 0.000000 0.000000 0 1
126 5.568159 0.078651 5.568159 0.000000 0.000000 0.000000 4.736842 0.000000 0.000000 0.000000 0 0
127 6.348702 0.071898 9.708520 0.000000 3.359818 0.000000 7.928670 -3.359818 0.000000 0.000000 1 0
128 6.681968 0.083888 1.681968 0.000000 0.000000 5.000000 2.665512 5.000000 0.000000 0.000000 0 1
129 7.077270 0.064935 12.000000 0.000000 4.922730 0.000000 7.342105 -4.922730 0.000000 0.000000 1 0
130 6.511734 0.089004 1.511734 0.000000 0.000000 5.000000 2.078947 5.000000 0.000000 0.000000 0 1
131 6.383366 0.067241 6.383366 0.000000 0.000000 0.000000 2.078947 0.000000 0.000000 0.000000 0 0
132 5.967031 0.053691 10.967031 0.000000 5.000000 0.000000 6.828947 -5.000000 0.000000 0.000000 1 0
133 5.668972 0.072516 4.168972 0.000000 0.000000 1.500000 5.250000 1.500000 0.000000 0.000000 0 1
134 5.936155 0.064447 10.936155 0.000000 5.000000 0.000000 10.000000 -5.000000 0.000000 0.000000 1 0
135 5.963011 0.075118 5.963011 0.000000 0.000000 0.000000 10.000000 0.000000 0.000000 0.000000 0 0
136 6.114733 0.077201 6.114733 0.000000 0.000000 0.000000 10.000000 0.000000 0.000000 0.000000 0 0
137 6.267189 0.102159 1.267189 0.000000 0.000000 5.000000 4.736842 5.000000 0.000000 0.000000 0 1
138 7.128266 0.090005 9.787546 0.000000 2.659280 0.000000 7.263158 -2.659280 0.000000 0.000000 1 0
139 7.468252 0.098954 7.468252 0.000000 0.000000 0.000000 7.263158 0.000000 0.000000 0.000000 0 0
140 7.560155 0.096218 7.560155 0.000000 0.000000 0.000000 7.263158 0.000000 0.000000 0.000000 0 0
141 7.419159 0.101910 2.419159 0.000000 0.000000 5.000000 2.000000 5.000000 0.000000 0.000000 0 1
142 6.919840 0.099635 6.919840 0.000000 0.000000 0.000000 2.000000 0.000000 0.000000 0.000000 0 0
143 6.204666 0.078934 6.204666 0.000000 0.000000 0.000000 2.000000 0.000000 0.000000 0.000000 0 0
144 6.066391 0.070854 7.566391 0.000000 1.500000 0.000000 3.425000 -1.500000 0.000000 0.000000 1 0
145 5.465145 0.070734 9.505311 0.000000 4.040166 0.000000 7.263158 -4.040166 0.000000 0.000000 1 0
146 5.216927 0.079797 0.216927 0.000000 0.000000 5.000000 2.000000 5.000000 0.000000 0.000000 0 1
147 4.969756 0.055226 9.969756 0.000000 5.000000 0.000000 6.750000 -5.000000 0.000000 0.000000 1 0
148 4.985579 0.067930 4.985579 0.000000 0.000000 0.000000 6.750000 0.000000 0.000000 0.000000 0 0
149 4.931805 0.061920 8.352858 0.000000 3.421053 0.000000 10.000000 -3.421053 0.000000 0.000000 1 0
150 5.792283 0.068887 5.792283 0.000000 0.000000 0.000000 10.000000 0.000000 0.000000 0.000000 0 0
151 6.300567 0.076979 6.300567 0.000000 0.000000 0.000000 10.000000 0.000000 0.000000 0.000000 0 0
152 6.759264 0.090922 1.759264 0.000000 0.000000 5.000000 4.736842 5.000000 0.000000 0.000000 0 1
153 7.005443 0.076480 9.664723 0.000000 2.659280 0.000000 7.263158 -2.659280 0.000000 0.000000 1 0
154 6.738401 0.080747 6.738401 0.000000 0.000000 0.000000 7.263158 0.000000 0.000000 0.000000 0 0
155 6.627865 0.085519 1.627865 0.000000 0.000000 5.000000 2.000000 5.000000 0.000000 0.000000 0 1
156 6.109205 0.069599 9.530258 0.000000 3.421053 0.000000 5.250000 -3.421053 0.000000 0.000000 1 0
157 5.836970 0.074257 5.836970 0.000000 0.000000 0.000000 5.250000 0.000000 0.000000 0.000000 0 0
158 6.101286 0.075027 6.101286 0.000000 0.000000 0.000000 5.250000 0.000000 0.000000 0.000000 0 0
159 5.925617 0.064592 10.925617 0.000000 5.000000 0.000000 10.000000 -5.000000 0.000000 0.000000 1 0
160 6.059976 0.070502 6.059976 0.000000 0.000000 0.000000 10.000000 0.000000 0.000000 0.000000 0 0
161 6.461797 0.078699 6.461797 0.000000 0.000000 0.000000 10.000000 0.000000 0.000000 0.000000 0 0
162 6.870572 0.104415 1.870572 0.000000 0.000000 5.000000 4.736842 5.000000 0.000000 0.000000 0 1
163 7.286325 0.090492 7.286325 0.000000 0.000000 0.000000 4.736842 0.000000 0.000000 0.000000 0 0
164 8.022534 0.085983 8.022534 0.000000 0.000000 0.000000 4.736842 0.000000 0.000000 0.000000 0 0
165 7.702669 0.093436 5.102669 0.000000 0.000000 2.600000 2.000000 2.600000 0.000000 0.000000 0 1
166 7.043889 0.084219 7.043889 0.000000 0.000000 0.000000 2.000000 0.000000 0.000000 0.000000 0 0
167 6.317249 0.071726 6.317249 0.000000 0.000000 0.000000 2.000000 0.000000 0.000000 0.000000 0 0
168 6.018037 0.067490 9.175932 0.000000 3.157895 0.000000 5.000000 -3.157895 0.000000 0.000000 1 0
